3 3 2 3 3 
1 1 0 1 1 
0 0 0 1 1 
0 0 0 0 0 
res: 3
2 5 4 6 3 2 1 4 5 7 1 2 
1 4 3 5 2 1 0 3 4 6 0 1 
0 3 2 4 1 0 0 3 4 6 0 1 
0 2 1 3 0 0 0 3 4 6 0 1 
0 1 0 2 0 0 0 3 4 6 0 1 
0 0 0 2 0 0 0 3 4 6 0 1 
0 0 0 0 0 0 0 3 4 6 0 1 
0 0 0 0 0 0 0 0 1 3 0 1 
0 0 0 0 0 0 0 0 0 2 0 1 
0 0 0 0 0 0 0 0 0 0 0 1 
0 0 0 0 0 0 0 0 0 0 0 0 
res: 10
2 3 4 5 1 2 3 1 2 3 
1 2 3 4 0 1 2 0 1 2 
0 1 2 3 0 1 2 0 1 2 
0 0 1 2 0 1 2 0 1 2 
0 0 0 1 0 1 2 0 1 2 
0 0 0 0 0 1 2 0 1 2 
0 0 0 0 0 0 1 0 1 2 
0 0 0 0 0 0 0 0 1 2 
0 0 0 0 0 0 0 0 0 1 
0 0 0 0 0 0 0 0 0 0 
res: 9
2 3 5 4 6 9 8 4 2 10 2 3 5 15 16 12 25 17 20 14 
0 1 3 2 4 7 6 2 0 8 0 1 3 13 14 10 23 15 18 12 
0 0 2 1 3 6 5 1 0 8 0 1 3 13 14 10 23 15 18 12 
0 0 1 0 2 5 4 0 0 8 0 1 3 13 14 10 23 15 18 12 
0 0 0 0 2 5 4 0 0 8 0 1 3 13 14 10 23 15 18 12 
0 0 0 0 0 3 2 0 0 8 0 1 3 13 14 10 23 15 18 12 
0 0 0 0 0 1 0 0 0 8 0 1 3 13 14 10 23 15 18 12 
0 0 0 0 0 0 0 0 0 8 0 1 3 13 14 10 23 15 18 12 
0 0 0 0 0 0 0 0 0 0 0 1 3 13 14 10 23 15 18 12 
0 0 0 0 0 0 0 0 0 0 0 0 2 12 13 9 22 14 17 11 
0 0 0 0 0 0 0 0 0 0 0 0 0 10 11 7 20 12 15 9 
0 0 0 0 0 0 0 0 0 0 0 0 0 3 4 0 13 5 8 2 
0 0 0 0 0 0 0 0 0 0 0 0 0 0 1 0 13 5 8 2 
0 0 0 0 0 0 0 0 0 0 0 0 0 0 0 0 13 5 8 2 
0 0 0 0 0 0 0 0 0 0 0 0 0 0 0 0 11 3 6 0 
0 0 0 0 0 0 0 0 0 0 0 0 0 0 0 0 8 0 3 0 
0 0 0 0 0 0 0 0 0 0 0 0 0 0 0 0 0 0 3 0 
0 0 0 0 0 0 0 0 0 0 0 0 0 0 0 0 0 0 0 0 
res: 17
